"ID_REF"	"GSM5019817"	"GSM5019818"	"GSM5019819"	"GSM5019820"	"GSM5019821"	"GSM5019822"	"GSM5019823"	"GSM5019824"	"GSM5019825"	"GSM5019826"	"GSM5019827"	"GSM5019828"	"GSM5019829"	"GSM5019830"	"GSM5019831"
"(+)E1A_r60_1"	3.9512737	2.5547898	2.904286	2.4103181	2.5825057	2.4300966	2.4039383	2.9406443	2.4604394	2.5724537	3.8166814	3.6794739	3.3298142	3.6306164	2.5098107
"(+)E1A_r60_3"	3.5746977	3.137513	3.3136933	3.424499	3.3597052	3.5546775	3.6508782	3.5991366	3.9779167	3.9627275	4.0192027	3.5960894	3.5149846	3.9758527	3.4044266
"(+)E1A_r60_a104"	3.588675	2.3641512	2.919153	2.660142	2.3978496	2.9039245	2.8059633	3.1401658	2.677928	2.751035	3.7710643	3.8015137	3.8233607	3.7350903	3.3708003
"(+)E1A_r60_a107"	3.9508934	2.8073194	3.1622896	3.1039128	2.707994	4.6705995	4.702492	4.516458	5.327897	4.633935	5.0404253	5.10725	5.3400598	5.1438055	5.349485
"(+)E1A_r60_a135"	3.6427658	2.3603163	2.9094183	2.3797672	2.4066808	2.669327	2.6363688	2.8377082	2.6058245	2.6185896	3.8399982	3.6944175	3.4890018	3.742646	2.9137776
"(+)E1A_r60_a20"	4.270099	3.6629052	3.7587705	3.8641934	3.5053961	3.45761	3.501079	3.414444	3.3217328	3.4623559	4.014873	3.9738772	3.915926	4.0179095	3.8563223
"(+)E1A_r60_a22"	4.5617585	3.3723195	3.644009	3.5817869	3.4343069	3.5330513	3.4611003	3.460338	3.4337466	3.2965074	4.142301	4.2828145	4.288956	4.388352	3.9238484
"(+)E1A_r60_a97"	3.7986014	2.3437016	2.9672687	2.4101272	2.3878915	2.6135347	2.5919592	2.7863925	2.5839543	2.618754	3.7814612	3.6963134	3.40287	3.6450605	2.9900472
"(+)E1A_r60_n11"	4.033408	5.1331744	4.4932303	4.4009633	4.875407	4.9440355	4.836119	4.758538	4.5866556	4.5765295	4.0434017	4.7923546	5.0902505	4.9099336	5.181536
"(+)E1A_r60_n9"	3.940454	2.5490544	3.0231986	2.8285596	2.567579	3.5280876	3.5726328	3.205347	3.2239707	3.2321577	4.0742736	4.451587	4.6663113	4.4266653	4.159384
"3xSLv1"	3.7448487	2.3425934	2.9063432	2.3697674	2.3896952	2.3457692	2.3441784	2.793479	2.4462504	2.567195	3.7743335	3.612873	3.3343945	3.6023662	2.3556232
"A_23_P10385"	4.7169523	3.7118008	4.0854053	4.3453474	4.2285233	6.375159	5.6664977	7.7517304	5.8867264	6.223968	6.495962	5.572417	3.9832883	6.596021	5.02072
"A_23_P111995"	7.9531937	6.9792624	7.1990514	7.1232924	6.8729815	8.23205	7.8676767	7.979455	8.267254	8.244048	8.4604645	8.972597	8.733942	8.205717	8.212392
"A_23_P11507"	9.024487	9.093928	9.569891	9.261409	8.502287	9.93444	9.123189	9.0164995	9.36538	10.099406	9.569387	8.883143	7.546044	8.39655	7.5194373
"A_23_P11685"	5.2696295	5.181909	5.533137	4.977121	4.5125246	4.051808	4.8561215	5.6982865	6.8882804	5.4008975	7.0368423	6.49891	4.901553	5.5930085	3.64195
"A_23_P122216"	3.7226565	3.4564333	2.950357	3.1293263	3.4237795	4.1129036	4.116497	4.0088496	4.040583	4.1067204	4.660852	5.099715	4.70183	4.6367846	5.087884
"A_23_P128613"	5.9444213	4.263619	4.926676	5.085157	4.523352	6.523363	5.5321403	7.4405713	6.2050385	5.6736927	7.2214203	6.628781	5.381964	7.104872	3.9333735
"A_23_P1331"	6.1701975	6.0625033	6.1355953	6.2175655	6.258734	5.9337854	6.2970767	5.6164284	5.3456955	5.5627737	5.822272	6.007066	6.6908894	6.2444973	6.0845904
"A_23_P139509"	7.7571673	7.8361964	8.630013	8.261157	7.32361	8.727985	8.5525	8.882674	9.147714	9.257097	8.982689	8.808212	8.502287	8.819466	8.859223
"A_23_P142849"	4.215314	3.3310037	2.9582174	2.8197937	3.282313	2.8996174	2.7713587	3.097847	3.2016954	2.9027607	4.0432153	4.1088343	3.5667067	3.865424	2.8426433
"A_23_P148798"	8.096369	9.100124	9.070438	8.720132	8.469482	7.696396	7.6161447	8.561397	7.948318	8.140591	8.292997	8.148702	7.083413	7.7812004	6.1477556
"A_23_P154235"	11.252739	11.412077	12.197484	12.4309635	11.659783	13.141237	13.218073	12.625632	13.52394	14.169546	13.160333	13.086782	13.090974	12.836555	14.30722
"A_23_P202496"	8.398876	8.7535715	9.484071	9.29726	8.462159	9.098448	8.316583	8.308418	8.58088	9.069081	8.918115	8.379129	6.6491175	7.832042	5.8462214
"A_23_P207400"	6.442266	5.8291855	6.325387	6.261705	NA	7.5369334	7.069851	8.409918	7.4827967	7.3752203	7.795778	7.852379	7.183044	7.755104	7.5068774
"A_23_P209962"	8.375199	7.970142	8.160832	8.027196	7.79606	8.945478	8.28915	8.320174	8.346782	8.834387	9.133796	8.678254	7.9173484	8.310913	6.897943
"A_23_P213255"	7.8497286	8.595592	9.35377	9.105013	8.131047	8.006741	7.6688476	7.520852	7.8852615	8.44974	7.9888453	7.2759213	5.807554	6.7491746	6.379044
"A_23_P213661"	9.190423	9.76021	9.700481	9.3544035	9.309355	10.68305	10.322082	10.816814	11.409624	11.246415	10.787747	10.885154	10.169092	10.696125	10.330342
"A_23_P215720"	3.6979985	2.5145032	2.9025238	2.5868988	2.4259017	2.4707253	2.6449225	3.1213143	2.6286366	2.6994991	3.8912985	3.7016687	3.4504724	3.6827874	2.5996225
"A_23_P216068"	8.887533	8.823015	10.053366	9.946712	8.572324	7.8773556	7.3616004	8.577059	7.5141335	7.9188	8.184902	7.9052243	5.7732186	7.700377	5.3239555
"A_23_P218608"	8.126446	7.884267	8.810678	8.772229	7.790768	8.041258	7.547828	8.09116	7.377993	8.160832	8.690103	8.059575	6.6582055	7.59245	6.3073697
"A_23_P23303"	4.974722	3.7443566	4.7179537	4.910883	4.015674	5.7025537	5.3196635	6.7085204	5.385023	5.21553	5.8744	5.7336583	4.6445765	5.676744	5.4907584
"A_23_P23765"	7.5620537	7.516187	7.6858735	7.769209	7.65722	6.7203493	6.8391666	7.1234684	6.6777487	6.9371915	7.364386	7.146167	6.745259	7.496828	6.5068674
"A_23_P25019"	6.8564057	7.4460244	7.9835124	7.7023034	6.7847614	8.221098	7.8697424	8.581195	7.92636	8.72427	7.836521	6.4501147	4.9992433	7.0406837	6.167509
"A_23_P250196"	8.644937	10.412968	10.909241	10.43274	9.532635	8.917309	8.853031	9.551037	9.505863	9.74246	9.554064	9.33288	8.237465	9.243342	7.8070574
"A_23_P250813"	8.622129	8.916475	9.241508	9.140593	8.614976	7.883354	7.436105	7.8390164	7.620627	7.709035	7.8905587	7.9135194	6.6519694	7.4727497	6.481614
"A_23_P252740"	5.4269953	3.818773	4.4123664	4.538838	3.730486	4.6132636	3.7937531	6.4493895	4.094068	4.5215034	5.891308	4.946397	3.3311262	5.4036703	2.8415842
"A_23_P252748"	9.884913	11.034217	11.737198	11.649722	10.710008	10.893397	10.637097	10.541945	10.823819	11.615148	10.477724	9.508925	8.278687	9.055988	9.112195
"A_23_P253464"	8.004878	8.138719	8.640837	8.307716	7.5865145	7.9229736	7.0206714	7.2263007	8.21138	8.457499	8.350095	8.109576	6.9231896	7.5643597	5.9446564
"A_23_P253524"	5.612916	5.5313864	5.612916	5.836834	5.747193	4.734488	4.1842895	6.0500207	4.6770086	4.9398885	5.092348	4.295279	3.2916245	4.603193	3.6808946
"A_23_P256956"	4.175419	4.384	4.2149715	4.437467	4.5860834	4.5988975	4.346292	5.85356	4.160953	4.6469507	4.3588157	4.144553	3.3971848	3.7705967	3.3005257
"A_23_P25873"	5.187542	4.6752195	5.191526	5.2650576	4.9891253	4.2263775	3.389638	5.1500673	NA	4.485535	5.4526386	4.216556	2.6201525	4.5634794	2.4808943
"A_23_P2683"	8.422458	9.002348	9.018497	8.671208	8.001814	9.230753	8.7375965	9.011305	9.28258	9.794068	9.722218	9.648966	8.965282	9.492549	9.069419
"A_23_P39682"	11.122851	13.752526	15.384264	15.404021	13.529239	11.856749	11.767689	11.122198	10.219151	12.2163315	10.421441	9.093115	7.946506	8.67854	7.935699
"A_23_P41948"	8.251525	7.5639205	8.389193	8.310259	7.4212646	7.2711325	6.9596457	7.6724415	7.3619967	7.2223673	7.3738637	7.09262	6.7250953	7.1260147	6.5574183
"A_23_P49878"	4.7067914	3.993464	3.523258	3.4611003	4.033408	5.2460365	4.9211526	5.403274	5.04285	4.925684	5.099715	4.8290477	4.0832014	4.7204614	4.1177335
"A_23_P5300"	3.5304077	2.4696858	2.9995606	2.6974602	2.553745	2.8609953	2.9505517	3.217877	2.7687595	2.7292566	2.814921	3.5812972	3.3424487	2.7479913	3.0850506
"A_23_P53126"	11.380797	14.044729	14.388592	13.714331	12.804475	12.550382	12.642472	11.890212	13.386205	14.272195	12.393174	11.773122	10.928997	11.405044	12.702306
"A_23_P57306"	7.7148724	7.3021903	8.095072	8.042723	7.1512465	7.3619967	6.789535	7.970142	6.780956	6.784946	7.802823	7.477312	6.7631526	7.7921195	5.8996406
"A_23_P58132"	16.719168	16.919949	NA	16.830622	16.837206	17.014221	17.084682	17.032478	17.045427	16.95253	16.763695	16.849821	16.686378	16.810644	17.087042
"A_23_P58321"	4.8924665	4.9571667	5.2341275	5.2776203	5.1656995	6.205154	5.102557	7.5347686	5.795226	5.577014	5.8446174	5.7735534	3.8574765	5.909146	4.7162223
"A_23_P6335"	3.8025372	3.4490254	3.0722687	3.2438142	3.717195	4.3415427	4.201497	4.594669	4.5099697	4.3165264	2.814921	2.745772	3.4961793	3.697209	3.6652017
"A_23_P67042"	3.5452516	6.088158	5.694448	5.719679	6.3541136	5.5846286	5.812289	5.989768	6.0298395	6.1093583	4.496874	3.7570848	3.950656	3.8222485	5.1837683
"A_23_P70328"	5.7502575	5.6210546	5.5418777	4.996509	5.1596837	4.6329675	4.742809	5.248951	5.357102	5.3898892	6.3769255	5.9425707	6.053092	6.2888083	4.8284063
"A_23_P7313"	3.9158316	2.8769736	3.128702	2.7887485	2.5894141	2.507994	2.7754183	3.1520455	3.0457804	2.7050788	10.8428	11.94345	6.776738	7.0169306	2.7415223
"A_23_P7582"	9.854261	11.32482	14.047952	14.108117	11.179779	10.339004	8.945919	8.594596	9.05444	10.510396	7.895751	6.370618	5.902218	6.63518	5.616688
"A_23_P76799"	9.863084	11.674158	12.381189	11.838759	10.629048	11.11013	11.310138	11.11956	11.948002	12.713129	11.633864	11.588155	10.66564	11.389464	12.786469
"A_23_P82738"	6.2033153	5.913474	5.859454	5.7360644	5.8467636	5.9639354	4.7533007	5.771868	5.787466	6.0249166	6.0255485	4.2606015	3.5123496	5.061455	3.758866
"A_23_P87238"	4.0035825	2.5658295	2.9225862	2.867781	2.7967274	2.7160912	2.657077	3.1834567	2.5681336	2.6360745	2.814921	3.6654809	2.6201525	2.7479913	2.5932298
"A_23_P87879"	12.157262	15.908686	16.160147	16.172407	15.976498	14.577624	13.968697	14.365314	14.431268	14.862278	12.921894	12.50319	11.573023	12.214382	13.264036
"A_23_P97584"	10.217114	12.062612	12.598747	12.386124	11.612584	11.867165	11.830785	11.94996	11.714378	12.5527115	11.061208	10.807749	11.03312	10.804087	12.324407
"A_24_P99679"	7.3849535	8.416742	8.190323	8.454129	9.000048	8.699351	8.595592	8.9492855	8.576308	8.745891	7.350362	7.4651155	7.5410576	7.533104	8.356558
"ASHG19AP1B100000016V5"	11.891521	9.2183275	8.3434925	8.447615	9.293436	15.196047	15.173212	14.998778	14.771526	14.078804	14.68962	14.8806305	14.963342	14.983678	15.224403
"ASHG19AP1B100000050V5"	2.7037127	4.632638	5.116481	4.6491213	4.5213866	2.836406	3.1084669	3.5584543	3.4299448	3.5492861	2.814921	2.745772	2.6201525	2.7479913	3.5792303
"ASHG19AP1B100000051V5"	4.5204625	5.6615396	5.372106	5.3923264	5.7634897	4.781838	5.67751	5.760316	6.308934	5.436733	6.0769644	5.8012223	6.214425	4.9806767	6.32098
"ASHG19AP1B100000061V5"	2.7037127	5.199136	5.48477	5.639115	5.211397	5.1356993	4.9262013	4.871242	4.7822022	4.4006295	4.224671	5.3517466	6.372759	4.6142197	5.3184648
"ASHG19AP1B100000063V5"	10.059266	6.8248057	6.182607	5.999354	7.0299864	8.924683	9.48488	9.074568	9.757172	8.212132	10.296325	10.457998	11.056975	10.795667	10.723183
"ASHG19AP1B100000064V5"	5.895658	4.2088437	5.2120204	4.9638314	3.766763	2.7286403	3.0411718	2.9276748	3.6185315	3.638655	5.992698	4.8886957	5.1383095	5.875784	3.1403964
"ASHG19AP1B100000065V5"	2.7037127	2.33273	2.466728	2.3339167	2.3352275	2.3326864	2.3327425	2.518643	2.3392348	2.3609407	2.814921	2.745772	2.6201525	2.7479913	2.333044
"ASHG19AP1B100000066V5"	8.013031	8.251851	8.295943	8.47866	8.636433	7.865945	7.793578	8.578419	7.6063085	7.675908	7.0587316	6.525974	5.988498	6.7216253	7.346566
"ASHG19AP1B100000067V5"	7.07619	5.9298453	6.514451	6.150382	5.7427187	7.530764	7.5463266	7.3160443	7.3193536	7.0126085	7.3477592	8.029422	8.48465	7.4188685	8.650133
"ASHG19AP1B100000068V5"	6.5258493	4.963606	5.065493	5.192335	4.82348	7.224143	7.4663043	7.065251	6.903756	6.090323	7.4594197	7.6485643	8.295943	7.639054	7.829967
"ASHG19AP1B100000069V5"	7.069454	7.5908227	8.317528	8.3923435	7.7659903	7.272451	7.1914616	7.3512254	7.0696917	7.3613	7.273867	7.3046346	6.4179196	7.2801495	7.251053
"ASHG19AP1B100000070V5"	2.7037127	4.4359374	3.444693	3.7262673	3.953075	2.6396334	2.8688781	2.9184341	2.7074306	2.5961442	2.814921	2.745772	2.6201525	2.7479913	2.3504238
"ASHG19AP1B100000071V5"	3.5272956	5.441376	5.424541	5.356422	5.407583	NA	4.3930016	4.3079753	4.4936013	4.5521054	2.814921	2.745772	3.3100486	2.7479913	3.4397404
"ASHG19AP1B100000072V5"	6.2991376	5.1413846	5.9393435	5.5179815	5.0858955	6.509755	6.809464	6.558631	6.671297	6.700928	7.111782	7.748539	7.9875197	7.867452	7.1965113
"ASHG19AP1B100000073V5"	4.241845	5.955139	5.4420857	5.019289	5.0827537	5.2771263	5.4190593	5.240194	5.927064	6.217031	2.814921	4.0208035	3.6982603	4.8272448	6.3149805
"ASHG19AP1B100000074V5"	7.2949104	7.859339	7.7294216	7.639803	7.9082336	7.3075185	7.371236	7.5147014	7.6294904	7.680221	7.4784875	7.1459293	7.2202487	6.9133077	7.2037916
"ASHG19AP1B100000075V5"	2.7037127	5.0750365	4.920568	4.6067443	5.151149	3.6874745	3.778651	3.4587142	3.7376924	4.375045	4.132744	2.745772	3.6134894	4.161197	4.185061
"ASHG19AP1B100000104V5"	5.77944	7.2677536	7.001832	7.108044	7.5054092	8.424408	8.413487	8.870228	7.8572855	7.9866943	7.5789204	8.290819	9.48488	9.573677	8.10169
"ASHG19AP1B100000112V5"	4.213406	2.33273	2.466728	3.2362943	2.3352275	3.06051	4.156784	2.3316052	2.980618	2.8618057	2.814921	2.745772	4.967297	2.7479913	3.00627
"ASHG19AP1B100000117V5"	2.7037127	2.33273	2.466728	2.3339167	2.5177882	2.641458	2.3795354	NA	2.803147	3.560179	2.814921	2.745772	2.6201525	2.7479913	2.333044
"ASHG19AP1B100000119V5"	2.7037127	2.33273	2.466728	2.3339167	2.3352275	2.3326864	2.3327425	3.8820474	2.3392348	2.3609407	2.814921	2.745772	2.6201525	2.7479913	2.333044
"ASHG19AP1B100000121V5"	15.076673	13.871445	14.546738	14.895618	14.059996	14.586994	14.365314	14.025233	14.398887	13.600836	16.509872	15.539579	13.887555	16.352224	15.23595
"ASHG19AP1B100000168V5"	8.548437	7.227418	7.6908665	8.045074	7.9861875	6.8624663	6.872612	6.917132	6.76899	6.9352217	4.871393	4.406253	4.4339547	4.2426944	7.389855
"ASHG19AP1B100000169V5"	2.7037127	2.3972697	2.466728	2.7375896	2.7022269	2.3326864	2.3327425	3.0881329	2.3392348	2.3609407	2.814921	2.745772	2.6201525	2.7479913	2.3752291
"ASHG19AP1B100000170V5"	2.7037127	2.33273	2.466728	2.3339167	2.3352275	2.3326864	2.3327425	2.335327	2.3392348	2.3609407	4.3725896	2.745772	2.6201525	2.7479913	2.333044
"ASHG19AP1B100000171V5"	6.327577	7.0999117	6.688589	6.7149677	7.0136294	9.133796	9.361645	9.120681	9.040693	8.790473	7.840653	7.9265814	8.465777	8.8006315	8.922189
"ASHG19AP1B100000172V5"	4.263507	2.33273	2.466728	2.3339167	2.3352275	2.3326864	2.3327425	2.3294938	2.3392348	2.3609407	2.814921	2.745772	2.6201525	2.7479913	2.333044
"ASHG19AP1B100000173V5"	6.6038003	4.925985	4.5823956	4.326519	4.6934676	4.943189	4.4790063	5.845749	4.7364235	4.2302995	5.6507387	6.5772653	6.7181845	6.604685	4.0322695
"ASHG19AP1B100000174V5"	8.861767	9.386314	10.056168	9.889762	9.053582	9.343667	9.559742	9.487832	9.900351	9.960038	9.292521	9.297853	8.8383875	9.181446	10.221412
"ASHG19AP1B100000175V5"	2.7037127	3.425758	2.466728	2.3339167	3.1528335	2.3326864	2.7332551	2.3368208	2.3392348	2.3609407	2.814921	2.745772	2.6201525	2.7479913	2.333044
"ASHG19AP1B100000407V5"	6.7525306	7.1456604	7.303294	7.320972	7.263453	7.822474	8.253444	7.9192915	7.9082336	7.8768215	6.5443335	7.1060433	7.0682607	7.142259	7.7829695
"ASHG19AP1B100000529V5"	5.2830453	4.8339324	5.5822005	5.5678005	4.9843764	4.969258	5.152457	5.9070807	5.1017084	5.147483	5.6015773	4.9458666	5.299797	5.1878314	4.5221934
"ASHG19AP1B100000585V5"	2.7037127	4.779044	3.795387	4.1451135	5.0538216	3.5892823	3.4397404	3.468087	3.577132	3.9030392	2.814921	3.644995	2.6201525	2.7479913	4.275544
"ASHG19AP1B100000586V5"	2.7037127	2.33273	2.466728	2.3339167	2.3352275	2.3326864	2.3327425	2.9487355	2.510004	2.3609407	2.814921	2.745772	2.6201525	2.7479913	2.333044
"ASHG19AP1B100000635V5"	9.986144	12.123257	12.856987	12.725437	11.843413	10.871735	10.7526455	10.6021	11.072439	11.1725	10.836409	11.138063	10.595923	10.870516	10.667148
"ASHG19AP1B100000663V5"	3.5441804	3.7565746	4.1722355	4.1677475	4.2345247	2.3326864	3.103592	2.337503	3.0273705	3.125104	2.814921	2.745772	3.857737	2.7479913	2.4293225
"ASHG19AP1B100000678V5"	8.569399	8.219877	7.1962576	7.3610067	8.960735	10.408177	10.408937	10.290449	9.443798	9.10625	9.763206	9.917663	10.352912	10.259604	9.331026
"ASHG19AP1B100000739V5"	9.338547	10.097654	10.4759445	10.5561905	10.390196	12.861017	12.4905	10.562481	12.253266	13.540952	11.872396	10.658678	10.165234	10.095231	11.141603
"ASHG19AP1B100000753V5"	7.0745234	6.72797	6.813066	6.5334196	6.4085536	6.9586873	6.470162	6.6600184	6.663142	6.837578	7.2384567	6.956146	4.517607	6.0500207	4.540404
"ASHG19AP1B100000936V5"	7.4789386	6.2631974	7.0370708	7.1172147	6.082058	7.01246	8.803372	9.345476	8.336338	9.777507	8.93883	8.693041	7.3842287	8.380701	7.218743
"ASHG19AP1B100001044V5"	NA	3.0707526	3.0134118	2.5899332	2.3352275	2.9004323	3.3057303	2.7350397	2.3392348	3.1049705	2.814921	4.6821694	3.441484	3.9915602	3.34984
"ASHG19AP1B100001048V5"	5.5500245	10.896294	9.013351	8.970801	10.96264	6.8729815	7.932858	6.3011465	5.050416	5.3656716	5.6626787	5.7354417	5.4583817	5.8091335	6.476167
"ASHG19AP1B100001095V5"	11.108642	9.355393	9.482618	9.640115	9.517697	8.310586	7.8160143	8.082574	7.7219877	8.141503	7.9493117	7.8430324	7.778078	7.8878193	8.149373
"ASHG19AP1B100001215V5"	14.933528	13.529239	12.745898	11.125478	11.430007	7.793578	9.335366	10.1942215	10.292363	9.390277	14.835414	13.472913	13.693689	13.983255	13.494627
"ASHG19AP1B100001339V5"	8.447273	10.323184	10.492865	10.523805	10.583215	10.158439	10.2015085	10.62314	10.239048	10.693575	8.010034	7.891052	7.880931	8.329479	9.1105385
"ASHG19AP1B100001357V5"	5.4589086	5.213229	5.6495194	5.7850485	5.381726	7.8126054	7.934916	7.4400296	7.1520543	7.164464	6.790835	8.213143	8.753129	8.305976	8.098469
"ASHG19AP1B100001459V5"	17.214333	17.466652	17.484552	17.446684	17.43766	17.587763	17.587763	17.534393	17.534393	17.446684	17.43766	17.37725	17.311987	17.484552	17.587763
"ASHG19AP1B100001460V5"	6.6279445	6.5507894	7.0195327	6.495787	5.910511	5.1645823	5.7423644	5.8316164	6.045083	5.5278816	7.50844	7.118034	7.228682	7.987183	7.616757
"ASHG19AP1B100001644V5"	4.3923416	5.757254	4.7960863	5.567197	5.894596	6.110434	6.3450794	6.3452096	6.1687117	6.7511253	4.4140124	5.06695	5.22926	5.8604226	6.8105745
"ASHG19AP1B100001647V5"	8.267	8.333888	8.535364	8.17764	7.397061	8.293482	8.254486	7.0708895	7.233759	9.079575	8.782997	7.341401	6.5210204	6.5823274	6.688018
"ASHG19AP1B100001858V5"	14.4937725	7.8106527	9.186574	9.148726	8.118451	6.5871177	6.231278	6.8897905	6.842014	6.3656325	6.825754	8.1233015	10.536185	8.577059	7.890152
"ASHG19AP1B100001934V5"	5.253353	6.298634	5.719791	5.4891715	6.3812594	5.6205096	5.9714575	5.490068	5.8909554	5.62832	5.436879	4.639815	5.2912297	5.0350914	6.635383
"ASHG19AP1B100001940V5"	11.3284855	10.093576	10.33155	10.127921	9.791646	10.102943	10.295938	10.053957	10.868936	11.028749	11.862718	12.161422	10.967516	11.035969	10.932847
"ASHG19AP1B100002033V5"	2.7037127	4.2640476	NA	3.354048	4.6653557	3.1595166	3.0549493	3.399303	3.9562008	3.336333	5.117152	5.7534637	5.300346	3.6824994	2.8551278
"ASHG19AP1B100002091V5"	6.2643385	7.052984	7.539101	7.826023	7.454532	6.9356194	6.5546875	7.1081696	6.828926	6.564661	6.751863	6.9479823	6.004514	6.523581	7.1962576
"ASHG19AP1B100002106V5"	4.8376045	3.3664582	4.3025727	4.5766206	3.67518	4.8142476	5.0620522	4.4006295	4.2953954	4.8584175	4.323553	5.1123905	4.333596	4.4783387	5.191312
"ASHG19AP1B100002140V5"	5.876158	4.6885185	4.5261354	4.3260403	4.703532	3.7265604	3.72376	3.5203657	4.3078656	4.3338547	5.2523685	4.746028	4.7838764	5.317169	3.6551619
"ASHG19AP1B100002162V5"	8.353782	8.844951	8.998376	8.834387	8.545302	8.693041	8.107582	8.004098	8.447615	8.742054	8.398876	8.125009	6.5358424	7.9156604	6.8679423
"ASHG19AP1B100002348V5"	7.198301	5.896582	5.875637	5.768213	6.1093583	6.3673162	6.3871107	6.821677	7.5517874	6.481947	7.638843	7.9015	7.2788095	7.6688476	6.083529
"ASHG19AP1B100002359V5"	NA	2.33273	2.466728	2.3339167	2.4696858	2.9639187	2.4589229	2.5280635	3.6205685	3.4706838	5.156454	3.838311	4.251647	4.4982758	2.333044
"ASHG19AP1B100002415V5"	11.220702	11.049453	11.580382	11.294437	10.594196	11.3365	11.511126	11.489302	12.194955	12.005583	12.124397	12.347446	12.469477	12.141616	12.361838
"ASHG19AP1B100002503V5"	6.1617627	5.778523	5.9111066	5.442186	5.186968	6.7584333	6.50382	6.7645535	6.320384	5.9065495	6.741289	7.373402	7.738546	7.1664944	7.015963
"ASHG19AP1B100002557V5"	6.3832703	6.006203	6.3479404	6.2150784	5.8082933	5.6091747	5.459465	5.4412994	6.10868	5.7633295	7.2043805	7.02828	6.4454756	6.986939	5.836958
"ASHG19AP1B100002594V5"	8.00449	7.2416906	12.971286	7.380491	7.312896	8.521243	8.002116	7.60086	8.414443	8.446887	8.251525	8.1271715	6.7879453	7.1499653	5.946783
"ASHG19AP1B100002623V5"	2.7037127	3.2661364	3.3248177	2.7295723	3.0431948	2.4317129	3.1838222	3.7025063	2.883938	2.570622	4.0946712	2.745772	3.2909315	2.7479913	2.8110962
"ASHG19AP1B100002679V5"	5.453978	4.0041356	4.4611964	4.56765	3.6288557	5.3770676	5.2859287	5.507699	5.63851	6.1140857	7.1742754	6.5242734	5.3664184	6.277007	4.797777
"ASHG19AP1B100002814V5"	6.7329674	5.995026	6.1379986	6.0669847	5.6982865	6.493404	6.4983015	5.9195027	7.5751915	6.181649	7.74557	7.008212	5.4357805	5.5856047	4.6412644
"ASHG19AP1B100002922V5"	9.374481	6.699079	6.290603	6.56376	6.8490477	10.454913	11.124582	9.965326	10.444447	9.026774	11.770855	10.222036	11.667356	11.912586	11.591405
"ASHG19AP1B100002981V5"	10.359392	9.409223	8.885097	8.875526	9.541465	10.532866	10.382954	9.866162	9.71772	9.310573	10.230311	10.216419	10.673756	10.620412	10.525762
"ASHG19AP1B100002982V5"	3.8061893	2.6339712	3.1819956	3.6859283	2.731689	2.3326864	2.3327425	2.3219297	2.3392348	2.3609407	2.814921	2.745772	2.6201525	2.7479913	2.333044
"ASHG19AP1B100003000V5"	10.286957	11.811902	12.340026	12.474979	11.757296	11.553449	11.792147	11.604651	11.636042	13.260468	11.724155	10.806329	9.776001	10.435145	10.498259
"ASHG19AP1B100003030V5"	8.861998	6.07495	5.342431	6.0993037	6.335615	10.340481	10.177257	10.070003	9.626666	8.119877	10.826287	10.714532	10.868374	10.867801	10.670578
"ASHG19AP1B100003056V5"	6.7056217	5.2473907	5.416316	5.1069837	4.456121	5.9736886	5.544078	5.3864393	6.2155724	6.025419	7.522787	7.342728	6.7007637	6.769071	5.326855
"ASHG19AP1B100003109V5"	5.5705533	4.9386983	4.9434223	4.796811	4.579721	4.257654	3.268814	4.9486213	4.4476347	4.807322	4.9794507	5.238596	3.4146929	3.8267324	3.7913527
"ASHG19AP1B100003284V5"	2.7037127	2.3912973	3.473196	3.7900362	3.18724	4.1175857	3.920379	3.5407002	3.121271	3.2798624	2.814921	4.8983097	5.003481	3.6077824	4.8573613
"ASHG19AP1B100003285V5"	2.7037127	2.33273	3.1241326	2.3339167	2.4927342	2.3326864	2.4136956	2.4696858	2.3392348	2.3609407	2.814921	2.745772	2.6201525	2.7479913	2.333044
"ASHG19AP1B100003293V5"	9.6498	11.443316	11.667356	11.217492	10.746375	10.836409	10.699624	10.921084	10.739458	10.684699	10.67861	10.456049	9.428242	9.8693	9.776001
"ASHG19AP1B100003296V5"	7.4218493	8.634524	8.704748	8.843038	9.0774145	7.6863213	7.574776	7.855408	7.398912	7.745785	7.1102986	6.8225207	7.1473536	7.171648	7.999052
"ASHG19AP1B100003318V5"	2.7037127	4.1689525	3.8590002	4.1680303	4.754387	2.9453108	2.9706721	3.2478688	2.972083	2.8673556	4.446403	NA	2.6201525	4.2009397	3.3754687
"ASHG19AP1B100003383V5"	16.073036	14.2591915	14.312046	14.658832	15.090272	14.922154	14.994047	15.110542	14.638995	14.830097	14.382776	14.389817	14.275948	14.335781	14.555939
"ASHG19AP1B100003428V5"	2.7037127	5.352751	4.153637	3.3543448	3.2356377	2.816773	2.4606533	2.4913292	2.3392348	2.3609407	2.814921	2.745772	2.6201525	2.7479913	2.8744614
"ASHG19AP1B100003576V5"	5.918282	5.20773	5.4650636	5.624517	5.8177114	5.329769	4.996832	5.326393	5.177482	4.8733587	6.0460715	4.8071265	4.268526	5.099299	5.120941
"ASHG19AP1B100003577V5"	2.7037127	5.7203574	4.148567	4.540864	5.3528028	4.606043	4.133855	3.99419	3.7498999	4.5798306	2.814921	2.745772	4.557294	2.7479913	4.965134
"ASHG19AP1B100003581V5"	5.7291217	8.63119	7.6813793	7.5816994	8.372968	6.768271	7.517133	7.2223673	7.122334	7.1146474	7.790768	8.68946	9.51908	9.420466	10.36755
"ASHG19AP1B100003582V5"	10.99584	13.915859	14.2528	13.871445	13.507028	12.882704	13.389884	NA	13.472913	13.238711	13.70826	14.237293	13.607254	13.682787	13.489089
"ASHG19AP1B100003583V5"	3.5293787	3.1702554	3.810419	2.5770428	3.357337	2.3326864	2.4494574	2.3276567	3.4308238	2.3609407	4.869465	4.3878164	4.746141	4.134453	2.9679208
"ASHG19AP1B100003851V5"	2.7037127	2.33273	2.466728	2.3339167	2.3352275	2.3326864	2.3327425	2.3315117	2.3392348	2.3609407	2.814921	3.6627793	2.6201525	2.7479913	2.333044
"ASHG19AP1B100003899V5"	13.257424	12.898613	13.202024	13.457569	13.597802	10.492865	10.963464	10.771356	10.517094	11.023415	7.7470665	8.469281	11.446383	9.329656	11.806397
"ASHG19AP1B100003979V5"	2.7037127	4.8303876	5.0742702	4.8736963	4.6626673	5.2151117	5.490068	5.781309	5.0686054	5.176045	5.2852206	4.71955	5.4016767	5.109857	5.925468
"ASHG19AP1B100004128V5"	2.7037127	3.1816452	2.466728	4.116876	3.428309	4.2179513	5.8981752	5.403144	6.9018245	5.0030394	7.250204	7.5180464	7.825361	7.664799	7.214209
"ASHG19AP1B100004411V5"	2.7037127	4.8948517	4.4991527	4.360613	4.5996065	4.352285	4.181042	4.214283	4.8153667	4.3097677	4.8285294	4.810202	5.920387	4.97605	4.383463
"ASHG19AP1B100004704V5"	11.697107	13.042231	13.856114	13.715614	12.723924	11.879488	12.369574	12.113892	13.291213	13.203985	12.72699	13.247004	13.808327	13.2827425	14.159328
"ASHG19AP1B100004705V5"	2.7037127	2.33273	2.466728	2.3339167	2.3352275	2.3326864	2.587947	3.9780395	2.540837	2.3609407	5.728015	5.989373	4.0423465	5.9257336	4.5462523
"ASHG19AP1B100004776V5"	12.137225	13.676732	13.726951	13.318341	13.109848	13.142968	12.994657	13.04028	13.163727	13.527852	13.483757	13.7892685	14.289521	13.654599	13.6604805
"ASHG19AP1B100004884V5"	8.709143	9.33163	10.232055	10.235623	9.0481615	8.590741	8.802286	8.605497	9.28508	9.824465	9.477576	9.32038	8.7195	8.982689	8.813395
"ASHG19AP1B100005069V5"	2.7037127	5.1472487	3.9539905	4.260275	5.6437125	4.221464	4.1497707	4.639071	4.142692	4.4320927	2.814921	2.745772	2.6201525	2.7479913	3.449388
"ASHG19AP1B100005070V5"	2.7037127	3.1688423	2.466728	2.4736729	3.121271	2.3326864	2.3327425	2.8960435	2.3392348	2.3609407	2.814921	2.745772	2.6201525	2.7479913	2.333044
"ASHG19AP1B100005228V5"	5.342598	4.8104935	5.4311023	5.271528	4.923429	6.3710814	6.709982	6.3779955	6.0385833	5.693738	6.2234025	7.412318	7.242125	6.503683	7.4046783
"ASHG19AP1B100005286V5"	5.7921987	6.5814857	6.408993	6.692327	6.7252793	6.5284357	6.482307	6.9914365	6.489598	6.542847	5.5191574	6.35702	5.985992	5.423299	6.84245
"ASHG19AP1B100005408V5"	9.96758	11.508289	5.0268636	11.309256	10.527757	10.654608	10.0276165	11.043022	10.010782	10.356229	10.051211	10.002227	8.371688	9.5781975	8.784281
"ASHG19AP1B100005419V5"	6.8215017	5.098599	5.388703	5.5572205	5.353971	6.5521827	6.732711	6.6144776	6.2041693	5.861926	7.801191	7.694641	8.497004	7.7060194	6.998904
"ASHG19AP1B100005456V5"	2.7037127	3.99259	NA	2.7613196	3.2450576	2.4535973	2.3327425	2.5978317	2.3392348	2.7436965	2.814921	2.745772	2.6201525	2.7479913	2.333044
"ASHG19AP1B100005567V5"	11.850689	13.614351	15.084506	15.182987	13.647956	13.0977335	12.096602	12.322105	12.613746	13.654599	11.543835	10.542525	9.742281	10.041513	10.536749
"ASHG19AP1B100005707V5"	8.086843	9.086532	9.059518	9.121855	9.033733	8.222339	8.687935	8.697582	8.914389	8.246481	9.177928	9.336472	9.478328	9.471359	9.019795
"ASHG19AP1B100005777V5"	10.228914	12.985134	13.4312935	13.341116	12.638303	12.132003	11.6191	11.629843	12.249145	13.163727	12.12776	12.101031	11.427853	11.693225	12.139548
"ASHG19AP1B100005800V5"	6.6582055	4.987731	4.5258927	3.4984362	3.5140653	6.4652963	6.772449	6.5857973	7.364386	5.309878	8.312179	6.1244063	5.47497	5.692186	4.3383937
"ASHG19AP1B100005801V5"	5.0797896	2.9264133	3.0406666	2.9926589	3.4734986	4.388573	4.3369684	3.7868776	4.6521907	4.235052	6.8662086	4.9541	5.02292	5.104949	4.0674133
"ASHG19AP1B100005863V5"	5.317659	6.3825955	5.797321	5.785798	6.4093256	6.245639	6.2941008	6.1753283	6.510642	6.34479	5.7552767	6.145599	6.4064093	6.0899563	6.950541
"ASHG19AP1B100005866V5"	4.696495	5.148107	5.5838304	5.5784025	4.9868975	6.8471293	6.168002	5.956659	5.84933	5.727164	5.925904	6.1143622	6.9803505	6.077919	7.0583196
"ASHG19AP1B100005933V5"	2.7037127	4.070045	3.932439	3.5611618	3.8343313	3.539587	3.4163675	3.6682622	3.7599792	3.054604	5.54436	5.3306665	4.4194536	5.4982643	5.791902
"ASHG19AP1B100005968V5"	6.6206923	5.7752676	6.98572	6.8725376	6.051423	6.327846	6.5540605	6.153056	5.971111	5.709461	6.2654595	6.4786406	6.4096484	6.3643947	6.831798
"ASHG19AP1B100006013V5"	3.9361126	3.5018146	3.5049863	3.3669384	3.582427	3.5247848	3.3475165	2.3299465	3.4766753	4.1781693	2.814921	3.5802274	3.9829566	2.7479913	3.7866976
"ASHG19AP1B100006096V5"	5.1007285	5.2985616	3.6689723	4.5271845	5.9472938	4.7053127	6.3494363	4.2216864	3.8404357	4.060894	4.195226	4.8310175	3.5936527	2.7479913	3.6124902
"ASHG19AP1B100006098V5"	4.1299644	2.9951868	3.7354002	3.9145076	3.1705022	4.661107	4.927523	3.658629	4.0854053	4.397497	4.3985715	5.185119	5.3248568	5.0298467	7.003058
"ASHG19AP1B100006151V5"	5.222691	5.23638	5.0340147	5.1521425	5.471578	4.641543	4.6857204	5.1493826	4.5845356	4.507237	5.541347	5.649748	6.103142	5.348594	4.6441355
"ASHG19AP1B100006166V5"	2.7037127	2.33273	2.466728	2.3339167	2.3352275	2.3326864	2.3327425	2.3287134	2.3392348	2.3609407	2.814921	2.745772	2.6201525	2.7479913	2.333044
"ASHG19AP1B100006186V5"	5.235551	4.146061	4.8953776	4.391771	4.4172597	3.1746998	2.965292	2.8432033	3.0969985	3.1439276	4.8310175	4.563782	4.258079	4.215098	2.9233494
"ASHG19AP1B100006239V5"	4.410326	4.500909	4.39933	4.598732	3.964536	4.7054696	5.330216	4.7608023	5.4762716	5.559205	6.5424056	6.5865784	6.1245413	6.3334036	6.092186
"ASHG19AP1B100006446V5"	7.024911	6.371912	6.294231	5.663979	5.596126	5.8237324	7.047728	5.6536374	5.8183017	6.8709064	7.3879876	6.4022274	6.619192	7.509617	7.04885
"ASHG19AP1B100006447V5"	5.491817	7.288227	6.84245	6.923017	7.5927963	5.6173735	5.490153	6.4179196	5.7100725	5.835669	4.283165	4.249965	5.113082	4.492895	5.3136234
"ASHG19AP1B100006593V5"	7.4659486	8.545561	8.350095	8.231356	8.407725	6.819121	7.0798655	7.1527967	6.987499	7.073171	5.9562407	6.3130116	6.628098	6.293144	7.1636257
"ASHG19AP1B100006697V5"	12.564009	14.613675	15.368183	15.406193	14.370358	11.788573	11.693225	12.095635	11.759443	12.3483925	11.958804	12.1957245	11.4725275	11.559254	12.223099
"ASHG19AP1B100006779V5"	3.8143873	2.720844	2.466728	2.3339167	2.8039112	4.0923715	3.5344133	3.1905472	3.5445392	3.4344003	5.744566	6.1918187	5.7703285	5.8935313	4.391992
"ASHG19AP1B100006970V5"	9.152902	10.063992	6.690656	6.414488	9.73482	7.9608536	8.620819	7.9973216	8.591699	8.774397	7.2449274	7.140427	6.906598	7.5064983	7.7297072
"ASHG19AP1B100007018V5"	7.3063283	6.58219	7.48384	7.2022014	6.1263876	6.2076783	6.9312625	6.0964365	7.3877945	7.1729407	6.920622	7.039741	7.0846767	6.9243217	6.837276
"ASHG19AP1B100007073V5"	2.7037127	2.33273	2.466728	2.8464208	2.3352275	4.028732	3.8580616	3.9398236	3.4302704	3.0281925	5.1908937	2.745772	5.1499662	4.6061387	4.1931276
"ASHG19AP1B100007262V5"	12.642472	8.422121	8.404515	8.423847	8.819069	10.897464	10.816814	10.130164	10.635447	8.860322	12.028904	11.738358	12.455456	11.999906	11.533853
"ASHG19AP1B100007370V5"	2.7037127	4.64274	3.8863287	4.138383	4.7955422	3.1409113	3.2333732	3.1132576	4.054514	3.3927257	2.814921	2.745772	4.1878653	2.7479913	3.425408
"ASHG19AP1B100007395V5"	2.7037127	4.8395376	3.456567	3.7499924	5.076402	2.759086	3.0221364	2.6743553	3.658629	3.542394	2.814921	2.745772	2.6201525	2.7479913	2.481477
"ASHG19AP1B100007396V5"	2.7037127	3.7873974	2.466728	3.1757526	4.115685	2.766837	3.0110943	2.7172189	3.5336673	3.0055985	2.814921	2.745772	2.6201525	2.7479913	2.5908294
"ASHG19AP1B100007403V5"	5.4378133	5.1661696	5.105791	5.3615255	5.314475	5.088223	5.7123857	5.0630145	5.5432353	5.252786	4.919619	5.321309	5.3925567	5.190095	5.6605787
"ASHG19AP1B100007421V5"	7.779821	7.9754834	7.559036	7.1499653	7.950883	7.8801312	7.0505176	7.5168114	8.270364	7.8770857	7.6785445	6.9131227	5.7729497	6.5033455	5.831499
"ASHG19AP1B100007471V5"	7.770757	6.4935393	6.1407166	5.6444674	6.1579037	6.793898	6.7155967	6.473628	6.2190113	6.280834	7.4960895	6.6669884	5.9367404	5.9765644	3.7216256
"ASHG19AP1B100007489V5"	2.7037127	2.5923858	2.466728	2.3339167	2.433693	3.559408	2.862478	2.3249514	2.8149893	3.3032131	3.7741241	5.064001	4.170878	2.7479913	4.313201
"ASHG19AP1B100007505V5"	12.374375	14.054915	14.39371	14.328407	13.889318	13.581013	13.089607	13.355844	14.241084	14.323291	12.996627	13.292456	12.488122	12.498538	12.475912
"ASHG19AP1B100007572V5"	7.3005915	10.001051	9.37883	8.087897	8.490053	8.385182	6.3906765	6.932927	5.7256775	10.019151	8.513412	7.885606	7.0094647	6.410579	7.0981464
"ASHG19AP1B100007631V5"	11.8098955	12.2868395	12.3265295	12.604664	13.07657	11.980906	11.71146	12.344298	11.408806	11.357421	11.389464	11.423979	10.924205	11.166999	11.153566
"ASHG19AP1B100007655V5"	4.353719	2.33273	3.5152597	3.5100865	2.3352275	2.4724936	2.3327425	2.3287523	2.3392348	2.3609407	2.814921	3.7310896	2.6201525	2.7479913	2.333044
"ASHG19AP1B100007656V5"	7.9896383	7.863443	7.167575	7.043106	7.537332	8.644937	9.429598	9.30462	10.340481	10.252253	10.567505	10.716321	10.136799	10.125884	10.099406
"ASHG19AP1B100007657V5"	2.7037127	2.426884	4.2941155	2.3339167	2.410841	2.6093853	2.9666367	3.6404767	2.7496436	3.0196583	2.814921	2.745772	4.0498624	2.7479913	2.7598577
"ASHG19AP1B100007658V5"	2.7037127	3.6880074	3.2070875	3.2337112	3.5054681	2.998997	3.5148537	2.777742	3.280922	2.673714	2.814921	2.745772	3.4461734	2.7479913	2.886301
"ASHG19AP1B100007659V5"	9.037442	11.028749	11.370796	10.841401	10.121767	9.916378	10.105914	10.282421	11.250057	11.23194	11.112257	11.499245	11.282689	11.651173	12.020399
"ASHG19AP1B100007664V5"	8.2714405	7.08105	7.006994	6.855456	6.9466877	7.6154013	7.504284	7.023569	7.6827626	7.4468694	8.933556	8.170925	8.060343	8.011166	7.8188715
"ASHG19AP1B100007740V5"	9.041466	9.43109	9.42328	9.036046	8.783378	7.4547944	7.8961983	7.232596	7.550251	7.472278	7.9659953	6.8903146	6.092342	6.0465064	5.919315
"ASHG19AP1B100007773V5"	6.1608043	6.844459	6.7834916	5.7377024	5.649554	6.151539	5.895658	5.7481794	3.4274163	6.3703194	6.8634706	3.7608242	4.53911	4.0647473	2.333044
"ASHG19AP1B100007797V5"	7.7756743	9.207899	8.138428	7.880304	8.577059	8.454418	8.626052	7.891792	8.424408	8.913364	7.5068774	7.9529376	8.312493	8.029161	8.919261
"ASHG19AP1B100007880V5"	2.7037127	2.4380126	2.466728	2.3339167	2.3352275	2.8720388	2.3327425	4.4128504	2.3392348	2.3609407	4.373268	5.0062222	2.6201525	3.5764463	2.333044
"ASHG19AP1B100007881V5"	3.7905154	2.6822844	3.2491684	3.1712773	3.6761003	2.7820125	2.95814	2.3261137	2.3392348	2.607183	2.814921	2.745772	2.6201525	2.7479913	3.4473033
"ASHG19AP1B100007882V5"	12.046044	12.27269	11.996896	11.112982	10.999111	11.18968	11.277682	10.755243	11.567068	10.870516	13.232951	13.923322	14.771526	14.148202	14.100109
"ASHG19AP1B100007883V5"	3.679293	3.373311	4.044601	4.656364	3.549585	3.4756083	2.8636193	4.7845974	4.2045484	3.8136995	3.9111526	2.745772	3.806272	4.1175857	3.4756083
"ASHG19AP1B100007884V5"	5.099715	3.2088454	2.466728	3.3304126	2.9672687	4.2624383	3.8921502	4.3400426	4.5651245	3.7055411	6.0962825	6.30479	5.6791234	6.4204235	5.7455325
"ASHG19AP1B100007946V5"	4.0038986	3.6364183	2.9224737	2.9017282	3.8260348	3.9017243	4.850889	3.8324518	5.067143	5.390423	6.0262947	3.9422	3.6947217	3.912068	2.4997606
"ASHG19AP1B100007985V5"	2.7037127	3.1187685	2.466728	2.3339167	3.042728	2.6081324	2.3327425	2.3219297	2.3392348	2.3609407	2.814921	2.745772	3.5733793	2.7479913	2.7001827
"ASHG19AP1B100008081V5"	4.362561	3.3220625	4.522298	3.6319506	2.8643396	4.039409	4.61377	3.449684	3.67864	4.1151695	4.6486816	4.577752	4.765315	5.4688926	4.5860834
"ASHG19AP1B100008084V5"	8.567608	8.479555	8.130749	8.314314	9.026403	7.1993923	7.3859725	7.358728	7.255157	7.464189	7.3438416	6.8874087	7.3516436	7.1064444	7.434704
"ASHG19AP1B100008093V5"	5.5359044	5.758753	4.766318	4.967095	5.8327456	3.7828648	4.1401887	3.1778631	4.1503143	4.0486274	5.71322	4.9035163	4.662211	5.0538216	3.5044003
"ASHG19AP1B100008114V5"	5.893336	4.4051757	5.382117	5.443292	5.2779727	4.644453	4.8594217	5.3138733	5.7053957	4.513959	5.217654	4.876773	5.6995792	4.5956674	4.3482313
"ASHG19AP1B100008115V5"	2.7037127	3.2058415	2.466728	2.3339167	2.9919093	2.3326864	2.3327425	2.976243	2.3392348	2.3609407	2.814921	2.745772	2.6201525	2.7479913	2.333044
"ASHG19AP1B100008116V5"	13.158274	12.176136	12.590426	12.845664	12.53449	12.117091	11.555021	11.678736	11.32099	11.220702	11.398254	11.540953	14.35036	12.572036	12.648199
"ASHG19AP1B100008117V5"	7.097176	12.422019	11.695349	12.670237	13.375273	10.005433	11.031655	9.180328	7.9627333	7.753164	7.9095445	9.25017	8.367516	7.5592637	8.676505
"ASHG19AP1B100008126V5"	5.0812354	4.824353	5.076038	4.903636	5.026225	6.74705	6.672022	5.821052	6.4018683	5.7371264	5.22687	6.175972	5.768054	5.874742	6.8409033
"ASHG19AP1B100008285V5"	2.7037127	3.437265	3.679145	3.4490254	3.1918297	3.1816452	3.150486	2.3363729	3.8130593	3.0573394	4.7563834	4.1439533	3.8817666	2.7479913	3.953075
"ASHG19AP1B100008393V5"	5.6936135	4.472468	4.5568213	4.1684694	3.8189454	3.6941094	2.8446767	2.3930845	3.1725218	2.9375217	7.25703	8.263172	8.508626	6.030425	3.6583142
"ASHG19AP1B100008394V5"	2.7037127	2.33273	2.466728	2.3339167	2.6845505	2.3326864	2.3327425	2.326424	2.4797976	2.3609407	2.814921	2.745772	2.6201525	2.7479913	2.4528751
"ASHG19AP1B100008396V5"	6.6984625	5.880971	6.167053	6.0261455	5.3969784	5.0067377	4.5522275	4.7899394	5.2308497	5.440068	6.3261137	5.7586904	4.745395	3.9765458	3.257363
"ASHG19AP1B100008397V5"	2.7037127	3.1623514	2.466728	3.044469	3.1116061	2.349571	2.3327425	2.8115726	2.4640505	2.3609407	NA	2.745772	2.6201525	2.7479913	2.333044
"ASHG19AP1B100008398V5"	2.7037127	2.6405954	3.0265882	2.3339167	2.689725	3.469728	3.3629057	2.785151	3.1138167	2.3609407	2.814921	4.175419	4.1681175	2.7479913	3.991435
"ASHG19AP1B100008450V5"	13.239871	14.401167	14.697859	14.857793	14.825545	13.645427	13.664075	13.611164	13.294731	13.642687	13.347437	13.378729	12.53695	12.401208	12.36014
"ASHG19AP1B100008471V5"	5.6851025	4.5466866	5.176538	5.294337	4.9319444	5.485019	5.891406	5.552494	5.027137	5.052762	5.063922	5.6488757	6.0746036	6.010568	5.5190425
"ASHG19AP1B100008548V5"	4.353044	3.6808946	2.466728	3.1516025	3.8620074	2.3326864	2.3327425	2.3342595	2.783502	2.3609407	3.8186224	2.745772	2.6201525	2.7479913	2.333044
"ASHG19AP1B100008707V5"	6.3152504	7.545602	7.146167	7.2296643	7.6470895	5.9067774	5.8077674	5.7169867	NA	6.3675504	5.3018622	4.929169	4.7363462	4.641816	5.776953
"ASHG19AP1B100008708V5"	3.737242	2.33273	2.466728	2.3339167	2.3352275	2.3326864	2.3327425	2.3359597	2.433007	2.3609407	2.814921	4.1151695	2.6201525	2.7479913	2.406823
"ASHG19AP1B100008710V5"	4.5469007	5.2621837	4.7574415	4.9417195	5.398802	6.329015	6.1682286	6.5463033	5.9701166	5.923032	5.693124	5.742241	6.606844	5.8865757	6.162813
"ASHG19AP1B100008844V5"	6.373863	7.7668557	7.043533	7.3187747	8.068127	8.716267	8.347074	7.4310036	7.5527463	8.847486	7.1465425	6.85478	6.5863104	6.7818284	8.531619
"ASHG19AP1B100008906V5"	4.043918	3.991435	4.3385844	4.2235518	3.185436	5.661409	5.716376	5.4511523	5.04824	4.93252	5.091518	5.506001	6.6602407	5.5244293	6.3357735
"ASHG19AP1B100008944V5"	10.857968	13.415202	13.604404	13.086782	12.653862	11.530518	11.542954	11.841292	11.194423	12.184742	11.29306	10.805839	9.560836	10.023197	10.12233
"ASHG19AP1B100008985V5"	2.7037127	3.9307756	3.3904784	3.3826811	3.748555	2.4802766	2.510778	2.9062185	2.719474	2.739452	2.814921	2.745772	2.6201525	2.7479913	2.333044
"ASHG19AP1B100008987V5"	2.7037127	3.0098832	3.1638978	2.3339167	2.9416182	4.0922337	4.313082	4.091548	4.2614207	4.138471	4.054594	2.745772	4.1652093	4.1734004	4.9016814
"ASHG19AP1B100009084V5"	9.643492	9.826392	10.375518	10.056168	9.510999	9.860526	9.026403	9.234024	9.87391	11.588862	9.697185	8.99531	8.000954	8.594596	7.2439165
"ASHG19AP1B100009137V5"	5.994581	5.5702887	5.460982	5.535326	5.5101666	7.2703524	7.323104	6.5077043	6.946194	6.8379965	6.414401	7.5639205	8.201541	7.586755	8.240908
"ASHG19AP1B100009196V5"	10.483344	11.601966	12.327875	12.171353	11.216275	10.25342	10.629048	10.645102	11.910905	10.792604	11.430906	12.111605	10.972591	10.838365	11.537419
"ASHG19AP1B100009197V5"	2.7037127	5.13561	5.0162144	5.2494173	5.12444	3.6472785	3.3559194	4.6121755	4.1155114	4.324241	2.814921	3.8415112	3.2856245	2.7479913	3.4801865
"ASHG19AP1B100009198V5"	10.099406	8.894285	8.218065	8.379818	9.102296	10.965532	10.65776	9.963552	9.697563	10.136799	10.060565	9.4342375	9.681122	9.533502	10.56414
"ASHG19AP1B100009199V5"	2.7037127	2.33273	2.466728	2.3831048	2.3352275	2.3326864	2.3719409	2.7915537	3.5677552	2.6544256	4.6570873	4.453506	4.237584	4.3303647	2.333044
"ASHG19AP1B100009200V5"	5.0971594	3.676588	4.4862566	4.8211355	3.0043726	3.6273735	3.7388961	2.7179499	4.0031843	3.724837	2.814921	4.8478856	4.476585	3.8875015	3.2223723
"ASHG19AP1B100009201V5"	10.301968	13.312997	13.675478	13.540952	12.837276	11.075132	10.624458	11.011658	11.30468	10.812902	10.502098	10.214303	9.758622	10.1465845	9.688407
"ASHG19AP1B100009202V5"	5.540499	5.7236214	5.346634	5.364706	5.741906	6.7497745	6.2528534	6.524658	6.7207108	6.9239573	6.606459	5.530612	6.6067147	6.457555	6.878766
"ASHG19AP1B100009241V5"	7.252674	6.7853513	5.2192144	4.6860223	5.8053904	9.512161	8.619512	8.671647	9.584428	9.185721	8.957947	9.352326	9.086532	9.1100445	9.303008
"ASHG19AP1B100009276V5"	5.205606	2.6488519	2.466728	2.3339167	2.3352275	2.5138748	2.3649633	2.7077277	2.5253103	2.3609407	4.5095572	2.745772	2.6201525	2.7479913	2.333044
"ASHG19AP1B100009322V5"	3.595148	5.855802	5.987333	6.249893	6.599058	5.587281	5.818687	5.417419	5.2273097	5.7037935	4.529735	5.0350914	5.96496	5.5234404	5.3416853
"ASHG19AP1B100009334V5"	5.0222774	3.5988424	3.2017746	3.2804718	3.8095717	6.6715817	5.111176	7.89644	6.0153394	5.511408	6.726339	6.677455	3.9788144	6.876515	4.4987426
"ASHG19AP1B100009416V5"	13.812586	7.6230526	8.0721	8.281412	7.9538746	6.3226333	6.4190817	6.2897463	6.17175	6.1433597	6.45953	6.462613	9.896728	7.067523	7.3409395
"ASHG19AP1B100009440V5"	2.7037127	2.33273	2.466728	2.3339167	2.3352275	2.3326864	2.3327425	2.3301988	2.3392348	2.3609407	2.814921	2.745772	2.6201525	2.7479913	2.333044
"ASHG19AP1B100009442V5"	2.7037127	2.33273	2.466728	2.3339167	2.3352275	2.4965348	2.3539305	2.3488853	2.3392348	2.3609407	2.814921	2.745772	2.6201525	2.7479913	2.624437
"ASHG19AP1B100009445V5"	5.547441	6.465136	5.7493997	5.902494	6.509755	6.4077134	6.426794	6.4430623	6.0781994	6.379657	5.0120173	4.1615024	4.919517	5.079686	6.235156
"ASHG19AP1B100009446V5"	15.526837	16.43125	16.931812	17.034704	16.82163	14.596083	14.887412	15.738103	15.238119	16.07661	13.874671	14.2196245	13.291213	13.778247	14.436938
"ASHG19AP1B100009447V5"	4.724211	4.7720075	4.0687237	4.269683	4.983747	5.30843	4.9054656	5.0273113	5.347664	5.200812	5.014927	5.0662217	4.7875857	4.501345	5.0880103
"ASHG19AP1B100009448V5"	12.749452	12.504404	12.47133	12.436752	12.11854	11.6191	11.722896	11.347556	11.831606	11.596146	12.352948	12.40422	12.517198	12.259846	11.405044
"ASHG19AP1B100009449V5"	4.0997434	3.8951757	3.9663417	4.4704995	4.3241677	4.446403	4.906325	4.447831	4.358903	5.3509135	2.814921	2.745772	4.367686	4.0690794	4.790117
"ASHG19AP1B100009594V5"	2.7037127	2.33273	2.466728	2.3339167	2.3352275	2.3326864	2.3327425	2.523806	2.3392348	2.3609407	2.814921	2.745772	2.6201525	2.7479913	2.333044
"ASHG19AP1B100009595V5"	5.2324357	3.88874	2.466728	2.5919592	4.649335	2.8421724	2.7267165	3.2117455	3.2956195	3.1454968	4.5773363	4.446302	4.907837	4.123477	2.5961442
"ASHG19AP1B100009597V5"	5.7011843	5.097831	5.686715	5.339458	4.8327804	5.7878733	6.1642632	6.276688	5.8295684	5.8002176	5.9413967	5.4109507	6.8339972	6.3923645	7.080677
"ASHG19AP1B100009598V5"	10.845488	7.2722077	6.2737164	6.636527	7.3809686	7.8426785	7.8462873	7.7400947	8.426446	7.4681306	8.133436	8.803703	8.850972	8.578884	7.750138
"ASHG19AP1B100009607V5"	4.1912594	2.33273	2.466728	2.540915	2.3352275	2.3326864	2.8530254	2.3331249	2.3392348	2.3609407	2.814921	2.745772	2.6201525	2.7479913	2.333044
"ASHG19AP1B100009610V5"	5.199721	5.472354	5.606759	5.6241136	4.8411036	6.5432014	6.651412	6.007066	6.438683	6.016065	6.158148	6.987499	6.8844953	6.7247567	7.3090982
"ASHG19AP1B100009635V5"	5.905189	6.3425837	6.534497	6.857726	6.878963	4.7379346	5.106299	4.605485	4.562689	5.5101666	4.5522275	2.745772	2.6201525	2.7479913	4.271617
"ASHG19AP1B100009656V5"	3.5541053	2.33273	2.466728	2.387204	2.3352275	2.3326864	2.3829765	2.334528	2.3392348	2.3609407	2.814921	2.745772	2.6201525	2.7479913	2.333044
"ASHG19AP1B100009657V5"	10.873478	8.522489	7.2687516	7.161984	8.19968	12.075339	12.274596	11.423979	11.710769	10.7181835	12.117091	12.403488	12.413655	12.311909	12.435466
"ASHG19AP1B100009658V5"	15.193905	12.834892	11.0745945	10.870516	12.950971	15.121361	15.128291	14.892425	14.8077	15.177757	14.502323	14.615864	14.312046	14.553993	15.096197
"ASHG19AP1B100009659V5"	2.7037127	2.33273	2.466728	2.3339167	2.3352275	2.3326864	2.6652887	2.3345594	2.3392348	2.3609407	2.814921	2.745772	2.6201525	2.7479913	2.3792377
"ASHG19AP1B100009660V5"	8.695242	9.175577	8.263837	8.233998	9.461212	9.851096	10.213829	9.825725	9.641442	9.643492	9.301362	9.472338	9.862492	9.549756	10.203809
"ASHG19AP1B100009661V5"	2.7037127	2.33273	2.466728	2.3339167	2.3352275	2.3326864	2.3327425	2.7313366	2.3392348	2.3609407	2.814921	2.745772	2.6201525	2.7479913	2.333044
"ASHG19AP1B100009662V5"	15.156473	16.59436	16.755713	16.764877	16.726322	15.854662	15.9287615	16.144196	16.054611	16.243223	15.620077	15.810797	15.741063	15.661071	15.998148
"ASHG19AP1B100009664V5"	12.269331	14.12179	14.182289	14.321977	14.638995	10.2664585	11.175337	11.650614	10.25029	11.087447	10.790317	9.904656	9.982045	10.490842	10.597591
"ASHG19AP1B100009665V5"	2.7037127	3.9731476	3.9300225	4.041734	3.9955266	3.1727824	3.4003932	2.8347862	3.123033	3.1456857	2.814921	3.5707664	3.98655	2.7479913	3.5099866
"ASHG19AP1B100009666V5"	4.4336042	5.6721334	5.4898396	5.300346	5.9180017	4.001207	4.3031187	4.406036	5.0115094	5.106299	4.917141	4.247017	3.4068015	3.8501616	3.8299959
"ASHG19AP1B100009670V5"	2.7037127	2.33273	2.466728	2.3339167	2.3352275	2.9913764	2.3742025	2.5181117	2.7066922	2.595843	2.814921	2.745772	2.6201525	2.7479913	2.728329
"ASHG19AP1B100009685V5"	11.653979	12.277209	10.234383	10.10861	11.899055	12.5668	12.461187	12.687311	12.644817	12.28604	12.491528	12.5668	12.515212	12.6005	13.252389
"ASHG19AP1B100009692V5"	2.7037127	3.28282	3.8728592	3.713758	2.857952	4.1236877	3.8165765	4.66662	3.6697247	3.324126	5.0606313	5.103471	3.9614382	3.746587	3.1150575
"ASHG19AP1B100009747V5"	2.7037127	3.2339	3.1173396	3.068501	3.7896926	2.5963326	2.8835022	2.6581843	2.7999382	3.1480052	2.814921	2.745772	4.0101104	2.7479913	2.7649548
"ASHG19AP1B100009748V5"	16.580517	16.599901	16.518475	16.452469	16.598345	16.488375	16.26103	16.471548	16.504179	16.791826	16.308939	16.507328	16.406235	16.337595	16.362232
"ASHG19AP1B100009749V5"	4.0001593	3.9789722	4.2008395	3.964454	4.364473	4.6653557	4.4255147	3.747674	4.5481873	4.095777	2.814921	4.4781275	4.61153	4.508923	5.080923
"ASHG19AP1B100009750V5"	8.7535715	10.2742605	8.952868	8.981156	10.676233	9.022078	9.153849	9.418156	8.643172	9.264367	8.598439	8.516066	8.603179	8.834387	9.4584675
"ASHG19AP1B100009751V5"	4.5444818	4.864341	4.7025976	4.271617	4.377879	3.206342	2.9639187	3.4066794	3.015314	3.4818017	2.814921	2.745772	2.6201525	2.7479913	3.6653025
"ASHG19AP1B100009752V5"	12.546217	7.5425353	7.3270335	7.888058	7.753978	6.4096484	6.848274	6.3373513	6.4836864	6.3869457	5.401	4.5385933	5.6904454	5.4617667	6.787286
"ASHG19AP1B100009753V5"	6.912891	8.612471	8.357036	8.482129	9.09606	7.736142	7.956712	7.8805704	7.7982855	8.075064	6.7394385	5.823295	6.643374	6.4982185	7.7665715
"ASHG19AP1B100009754V5"	4.983747	5.4910455	5.3356433	5.165426	5.34074	5.2667646	5.0779934	5.9574537	5.211397	5.4866567	4.881313	5.091946	5.266263	4.625776	5.300526
"ASHG19AP1B100009755V5"	2.7037127	3.087418	2.466728	3.0194783	2.3352275	3.7481098	3.770802	3.425498	3.4167027	3.2300096	2.814921	2.745772	2.6201525	2.7479913	2.7632406
"ASHG19AP1B100009756V5"	2.7037127	2.33273	2.466728	2.3339167	2.3352275	2.4731917	2.3327425	2.419213	2.3392348	2.3609407	2.814921	2.745772	2.6201525	2.7479913	2.4051354
"ASHG19AP1B100009758V5"	7.0440664	9.445395	8.690417	8.643765	9.75959	8.877208	9.208609	9.142301	8.987481	9.758258	7.262117	6.6967187	5.9263363	6.4119873	9.426221
"ASHG19AP1B100009764V5"	2.7037127	5.883863	6.6139483	6.5799975	6.4032674	4.569071	5.1310997	5.1836157	5.0327907	4.8590994	6.067132	6.963213	7.4738483	7.0068455	6.1336565
"ASHG19AP1B100009882V5"	7.327377	6.3707924	6.803953	6.6462803	6.3343263	6.907201	6.5524845	6.326266	5.964066	6.8940387	7.2227244	6.8813286	6.4673767	7.1493	5.369951
"ASHG19AP1B100009885V5"	7.3923626	7.9005575	9.188462	9.3360195	8.093188	6.516904	6.578476	6.2990303	6.3543596	6.567443	6.326413	5.365358	4.9232717	5.2004795	5.7953215
"ASHG19AP1B100009906V5"	9.439514	10.965532	10.453314	9.765727	9.646704	10.84699	10.031468	11.095766	10.593687	10.502679	10.909241	11.064153	9.940403	10.623951	10.037932
"ASHG19AP1B100009990V5"	11.841292	14.960769	15.46314	15.233648	14.108117	12.330231	13.459394	13.869651	13.976763	12.723924	14.310945	15.012042	15.204806	15.507135	14.882181
"ASHG19AP1B100010099V5"	5.56384	5.2695255	5.4501224	5.3695354	5.3332634	3.5895867	3.487972	3.272105	3.5708368	4.157339	2.814921	2.745772	2.6201525	2.7479913	2.8057373
"ASHG19AP1B100010194V5"	4.079122	2.33273	2.466728	2.3339167	2.3352275	2.741094	3.0176764	2.3343024	2.4852166	2.3609407	3.837028	4.5225368	3.3685467	3.6437178	2.8595264
"ASHG19AP1B100010287V5"	2.7037127	2.504687	3.9385192	2.3339167	2.3352275	2.3326864	2.3327425	2.3260972	2.3392348	2.3609407	2.814921	2.745772	2.6201525	2.7479913	2.333044
"ASHG19AP1B100010523V5"	6.6052833	7.3968635	7.438142	7.529671	7.7115436	5.4335775	5.292758	5.6304035	5.977768	5.3478847	7.3933334	7.6476703	8.340836	8.129006	7.0147176
"ASHG19AP1B100010542V5"	2.7037127	2.33273	2.466728	2.3339167	2.3352275	2.3326864	2.3327425	2.9474742	2.3392348	2.3609407	2.814921	2.745772	2.6201525	2.7479913	2.333044
"ASHG19AP1B100010669V5"	10.173945	10.438198	9.801034	9.711052	10.890401	10.199934	10.035009	10.158439	9.829806	9.916378	9.606087	9.870354	8.798481	9.215327	9.537285
"ASHG19AP1B100010807V5"	2.7037127	3.4378192	3.6034002	3.5412972	3.6742833	3.38548	3.710493	2.8257086	2.6446512	2.918288	2.814921	2.745772	2.6201525	2.7479913	3.7973874
"ASHG19AP1B100010933V5"	8.142644	8.053298	8.383159	8.211088	7.6455755	8.043858	7.475718	7.427295	7.6993675	7.880304	8.124579	7.8005166	7.153021	7.5865145	6.051423
"ASHG19AP1B100010984V5"	2.7037127	2.33273	2.466728	2.3339167	2.3352275	2.6692095	2.3327425	2.3345432	2.3392348	2.3609407	2.814921	2.745772	2.6201525	2.7479913	2.7915537
"ASHG19AP1B100011058V5"	8.365675	8.39836	8.197811	7.6502137	7.752793	9.5434	9.398857	9.459391	10.177642	9.618807	9.985394	10.268778	10.018202	10.050536	10.228199
"ASHG19AP1B100011434V5"	4.1201096	4.6036477	4.937585	4.077545	4.7648993	5.5427837	5.311263	5.5705533	5.4809766	5.9330907	2.814921	4.2158375	4.8879323	3.642144	4.8655367
"ASHG19AP1B100011544V5"	11.602746	11.32099	10.120664	10.558897	12.149171	10.624458	10.619088	10.649882	9.860526	10.038446	9.911667	9.614145	9.785737	9.787276	10.928137
"ASHG19AP1B100011549V5"	14.19331	14.754621	15.602144	15.631297	14.593654	13.656471	13.521686	13.919909	13.31433	13.893323	13.645427	13.533803	12.952523	13.182901	13.361194
"ASHG19AP1B100011618V5"	8.428076	8.629307	8.715058	8.647929	8.729423	9.340767	9.5434	8.783882	8.965975	8.773418	9.2579775	9.4584675	9.352326	9.376633	9.568459
"ASHG19AP1B100011648V5"	7.924206	6.4241576	NA	6.5988483	NA	7.799315	6.9880257	7.405348	6.930742	7.367828	7.709035	6.9896083	5.5039406	6.0411234	3.9053886
"ASHG19AP1B100011666V5"	6.0931783	3.9510167	5.286286	4.4376616	2.444661	3.6032183	2.9133325	7.426576	2.3392348	2.3609407	2.814921	2.745772	2.6201525	2.7479913	2.333044
"ASHG19AP1B100011668V5"	5.1210117	5.2763276	4.5981226	4.8784337	5.279291	5.4824977	5.556613	5.7390943	5.7860494	5.2287436	4.758538	4.7121096	6.476549	5.4439616	5.6101832
"ASHG19AP1B100011674V5"	5.700983	4.4360642	4.082554	3.634115	4.3913803	4.5341516	4.2088437	5.2500243	4.8222623	4.4790063	2.814921	5.148291	4.4845386	4.397254	4.9428916
"ASHG19AP1B100011854V5"	9.592304	9.775625	10.073808	10.017454	9.74246	10.360049	9.906664	NA	10.565567	9.545737	9.976952	10.0891485	9.964939	10.506874	7.834848
"ASHG19AP1B100011868V5"	7.5708117	6.3979836	6.711722	6.690326	6.1033244	7.3864703	7.0714006	6.7846417	7.971998	7.4033875	8.469281	8.598439	8.238099	8.323071	6.4903
"ASHG19AP1B100011894V5"	2.7037127	5.103198	5.765686	5.958517	5.704099	4.2996316	4.5992846	4.080207	4.4070487	4.0950527	4.5615864	5.7544847	5.3282905	5.067143	4.7702765
"ASHG19AP1B100011915V5"	2.7037127	3.3141472	2.466728	2.5138264	3.3699574	2.9839714	3.1550424	3.527892	3.1945505	3.3249283	2.814921	2.745772	2.6201525	5.89622	2.812217
"ASHG19AP1B100011920V5"	5.8254085	4.6982827	4.777421	4.543761	4.4875035	4.7996716	4.7789636	4.9848404	5.026225	5.1767263	6.337767	6.426192	6.125374	5.815865	3.9235706
